ANÁLISIS DE RAMA2D_R4 (Actividad Económica)

   Categoria Frecuencia Porcentaje
1         00          3       0.01
2         01       5273       9.18
3         02         63       0.11
4         03        282       0.49
5         05        111       0.19
6         06         95       0.17
7         07        188       0.33
8         08         84       0.15
9         09         50       0.09
10        10       1125       1.96
11        11        154       0.27
12        12          4       0.01
13        13        113       0.20
14        14        838       1.46
15        15        376       0.65
16        16        122       0.21
17        17         74       0.13
18        18         71       0.12
19        19         20       0.03
20        20        144       0.25
21        21         74       0.13
22        22        147       0.26
23        23        196       0.34
24        24         50       0.09
25        25        480       0.84
26        26         11       0.02
27        27         63       0.11
28        28         38       0.07
29        29         50       0.09
30        30         25       0.04
31        31        464       0.81
32        32        200       0.35
33        33        188       0.33
34        35        293       0.51
35        36        175       0.30
36        37          3       0.01
37        38        443       0.77
38        39          4       0.01
39        41       2841       4.95
40        42        563       0.98
41        43        819       1.43
42        45       1559       2.71
43        46       1252       2.18
44        47       7877      13.71
45        49       3703       6.45
46        50         59       0.10
47        51         60       0.10
48        52        667       1.16
49        53        502       0.87
50        55        605       1.05
51        56       3967       6.91
52        58         55       0.10
53        59         42       0.07
54        60         59       0.10
55        61        281       0.49
56        62        271       0.47
57        63         22       0.04
58        64        571       0.99
59        65        250       0.44
60        66         31       0.05
61        68        684       1.19
62        69        612       1.07
63        70        159       0.28
64        71        323       0.56
65        72         35       0.06
66        73        228       0.40
67        74        252       0.44
68        75         72       0.13
69        77        119       0.21
70        78         69       0.12
71        79        101       0.18
72        80        372       0.65
73        81       1692       2.95
74        82        398       0.69
75        84       2678       4.66
76        85       3240       5.64
77        86       2419       4.21
78        87         68       0.12
79        88        422       0.73
80        90        140       0.24
81        91         24       0.04
82        92        260       0.45
83        93        233       0.41
84        94        442       0.77
85        95        747       1.30
86        96       1595       2.78
87        97       1886       3.28
88        99         16       0.03
